0.000000000000000000e+00
-1.160309076309204102e+00
-1.087725520133972168e+00
-1.179897189140319824e+00
-6.739263534545898438e-01
-2.529257833957672119e-01
-1.117860913276672363e+00
-3.627862334251403809e-01
1.242416203022003174e-01
-1.018348217010498047e+00
-1.175275206565856934e+00
-5.624902248382568359e-01
-1.070666790008544922e+00
-1.121913194656372070e+00
-5.199737548828125000e-01
-9.296517968177795410e-01
-1.039959549903869629e+00
-9.760007262229919434e-01
-1.063009262084960938e+00
-9.528573155403137207e-01
-9.388950467109680176e-01
-1.156783938407897949e+00
