0.000000000000000000e+00
-3.262968957424163818e-01
-3.154091835021972656e-01
-1.720852553844451904e-01
-1.495097130537033081e-01
-3.332107961177825928e-01
1.617211252450942993e-01
-1.747253686189651489e-01
-3.910473883152008057e-01
-1.731648296117782593e-01
-3.762301504611968994e-01
-3.005721569061279297e-01
-1.603567302227020264e-01
-8.837389200925827026e-02
1.896243393421173096e-01
3.460493981838226318e-01
-3.842622637748718262e-01
6.009808555245399475e-02
-3.205984830856323242e-01
4.669599607586860657e-02
-2.987428903579711914e-01
-5.754012241959571838e-02
