0.000000000000000000e+00
-4.579689800739288330e-01
-5.146404504776000977e-01
-5.449581146240234375e-01
-4.732895791530609131e-01
-4.632876813411712646e-01
-3.836953639984130859e-01
-4.728592932224273682e-01
-4.737170338630676270e-01
-5.015653371810913086e-01
-4.864896237850189209e-01
-3.337075412273406982e-01
-5.495600700378417969e-01
-5.920958518981933594e-01
-3.900537192821502686e-01
-6.175726056098937988e-01
-4.987552762031555176e-01
-4.970705211162567139e-01
-3.739592432975769043e-01
-4.248577058315277100e-01
-4.716055691242218018e-01
-5.185439586639404297e-01
