0.000000000000000000e+00
-1.189792990684509277e+00
-6.509299278259277344e-01
-9.411342740058898926e-01
-6.632041931152343750e-01
1.534813344478607178e-01
-6.519797444343566895e-01
2.458393126726150513e-01
7.287384271621704102e-01
-6.294620633125305176e-01
-6.955558061599731445e-01
2.965321838855743408e-01
-9.149878025054931641e-01
-9.632017016410827637e-01
-1.096440926194190979e-01
-4.337848126888275146e-01
-9.375625848770141602e-01
-5.520743131637573242e-01
-8.406276106834411621e-01
-5.490750074386596680e-01
-4.782501757144927979e-01
-7.896297574043273926e-01
