0.000000000000000000e+00
-1.109653949737548828e+00
-8.460078835487365723e-01
-1.439456343650817871e+00
-7.589169740676879883e-01
2.841167449951171875e-01
-9.555835723876953125e-01
-2.741400301456451416e-01
5.373197197914123535e-01
-9.869119524955749512e-01
-9.987620115280151367e-01
-8.131911978125572205e-03
-9.752622842788696289e-01
-1.294022679328918457e+00
-4.284195899963378906e-01
-9.489829540252685547e-01
-9.991599321365356445e-01
-7.653749585151672363e-01
-8.873661160469055176e-01
-7.882696986198425293e-01
-9.039570093154907227e-01
-1.013608455657958984e+00
