0.000000000000000000e+00
-1.283631682395935059e+00
-1.097325921058654785e+00
-1.227643728256225586e+00
-7.629478573799133301e-01
-2.960766255855560303e-01
-1.110949873924255371e+00
-5.465053319931030273e-01
7.760094851255416870e-02
-1.073989987373352051e+00
-1.263156533241271973e+00
-6.115649938583374023e-01
-1.073276638984680176e+00
-1.221415400505065918e+00
-5.573718547821044922e-01
-1.017752766609191895e+00
-1.060176730155944824e+00
-1.011633753776550293e+00
-1.082226991653442383e+00
-1.005794882774353027e+00
-9.940754771232604980e-01
-1.177342534065246582e+00
